1279489
1174998
1184333
1163278
1171412
1176351
1111661
1177794
1199689
1194661
1208651
1232382
1122083
1207021
1221887
1234006
1199358
1249834
1237406
1164940
1217387
1217423
1205842
1189564
1192670
1216857
1245160
1179232
1224882
1254038
1143956
1123853
1163321
1248701
1182618
1181055
1192326
1184589
1196638
1204689
1162070
1158423
1232020
1175981
1193920
1206246
1231632
1213437
1215135
1222577
1226552
1256839
1192160
1170279
1189692
1228630
1172637
1183111
1230019
1177614
1242483
1153715
1210682
1200178
1140921
1199831
1152768
1203354
1186415
1227323
1182871
1203931
1264361
1245855
1221424
1256385
1167450
1201467
1141606
1248590
1209243
1170103
1176351
1220394
1144221
1177404
1176002
1150851
1159025
1248519
1248668
1206294
1193618
1202606
1203289
1220763
1209614
1141753
1234836
1288313
1178111
1207783
1210586
1122785
1238353
1200362
1148574
1251899
1183072
1203492
1243528
1154883
1264692
1185182
1201343
1171878
1218997
1144890
1107139
1218024
1236496
1228420
1179317
1151180
1232497
1241228
1255202
1238238
1181534
1307484
1215623
1201650
1250221
1160612
1160923
1135362
1199512
1141158
1216993
1235352
1170934
1164096
1208775
1202854
1227583
1202636
1224707
1213280
1224847
1256534
1194003
1246982
1198827
1164881
1204981
1194394
1191836
1186873
1203832
1288138
1158290
1233581
1224485
1168261
1241680
1256453
1267615
1188494
1238938
1275796
1236984
1111983
1280147
1195067
1166210
1235027
1238045
1166782
1179600
1170900
1272425
1244931
1242952
1198277
1214512
1231506
1176436
1225415
1176420
1252256
1179405
1159767
1129898
1179125
1251332
1137430
1241494
1160439
1172713
1229073
1143246
1137106
1245990
1213325
1151917
1186170
1254651
1164148
1249890
1174416
1213831
1266590
1231751
1185413
1232856
1280575
1200787
1101756
1225444
1205033
1225904
1196740
1228343
1161888
1255931
1144952
1146550
1167573
1254736
1278862
1182904
1220044
1224936
1230342
1170467
1187940
1205498
1201981
1198710
1210714
1230304
1266232
1139758
1248335
1151432
1237831
1184639
1147688
1147291
1171310
1243380
1150153
1197036
1235997
1276048
1191242
1173825
1179773
1206656
1189371
1148403
1185885
1215992
1177453
1202485
1254504
1253410
1190628
1230786
1251326
1179479
1209850
1154899
1253972
1140417
1186242
1180951
1145381
1142184
1219949
1191421
1217087
1202547
1203191
1225597
1190956
1215075
1225526
1197278
1214547
1182288
1205276
1219717
1200306
1252805
1221732
1230299
1204802
1224198
1227920
1214540
1230931
1205284
1216200
1189221
1282885
1180194
1147984
1241706
1198039
1172696
1176759
1165441
1167099
1158628
1254100
1233173
1239468
1226583
1183600
1171009
1138843
1234385
1196928
1266465
1244338
1227653
1152147
1258857
1224128
1161190
1231979
1262961
1279045
1239981
1271447
1224614
1194585
1251232
1235328
1209348
1226740
1302363
1206014
1181870
1153198
1113687
1197745
1213606
1241909
1159472
1177604
1205462
1165701
1186257
1155942
1195479
1235011
1178196
1203221
1215556
1219089
1166835
1231691
1215223
1211558
1167057
1220075
1247310
1184844
1266998
1222316
1144950
1247330
1223813
1222861
1214952
1243278
1196600
1239284
1250932
1243224
1198386
1179777
1180061
1258487
1271731
1221097
1180915
1196782
1166296
1161710
1200157
1250651
1198937
1215388
1135392
1209236
1203494
1207768
1238971
1196857
1170583
1194121
1207411
1205219
1157883
1189784
1268250
1224532
1209790
1224959
1145302
1210256
1226997
1221539
1240791
1213550
1241777
1189110
1170647
1218925
1199272
1296086
1161201
1278657
1199407
1216118
1215505
1189355
1235780
1170362
1254310
1227330
1199327
1158382
1151895
1220933
1175422
1188930
1190980
1219156
1162405
1198836
1164162
1223621
1228279
1270502
1152948
1188635
1218592
1157487
1206632
1196385
1205255
1207316
1159761
1194716
1233582
1257197
1247150
1200460
1142944
1182271
1187321
1182342
1231261
1229772
1212784
1270102
1237145
1181219
1188757
1242178
1209806
1251476
1253222
1232809
1232694
1212269
1194998
1214832
1185508
1156182
1205793
1196418
1277630
1151211
1204813
1219506
1191875
1194108
1234333
1245379
1208938
1206330
1159281
1183117
1260585
1217057
