249679
234131
273967
262435
257344
239720
265913
222293
217220
254708
252548
265829
256900
275812
278572
293520
266906
280007
247030
267437
282290
260119
267769
261191
290255
253538
235020
250806
232364
275903
239455
246848
239963
263592
249236
257071
258829
237644
253687
249573
259936
260782
296275
244791
254514
258455
248890
258404
268649
267897
251882
262902
269440
242862
257622
250010
271520
246303
275451
246761
264191
288616
243205
244229
258849
228369
229094
232797
267395
250579
261491
208298
242523
250599
254367
232823
263664
250161
259198
207073
247954
277380
246016
288783
235423
249636
248513
231026
251328
265833
290309
230807
221260
249777
231952
238639
273099
234957
261402
239630
