627346
648858
673057
628017
645144
637087
698560
640535
685439
639058
585607
684316
651853
694583
600928
580661
604334
626261
635788
696048
638885
612027
681839
645610
622552
641417
684165
679477
582464
650266
675079
641055
633938
709182
643959
673287
670379
674026
680154
649198
652418
694301
684261
657553
627283
655598
646361
676142
606670
621182
642194
616926
673141
649848
657264
664959
573613
709059
661066
629032
625884
668667
647784
665678
656634
630571
696806
702342
646780
589073
647972
599657
679332
628527
633237
668643
658055
618940
697371
645225
650730
635083
647686
629890
634705
634756
636777
618603
663083
646756
646449
650972
686117
666108
649063
657308
641873
650825
626251
648439
652734
658117
642340
644531
684895
659700
655112
669228
637879
668047
596048
617695
634783
674046
578966
637878
651735
661058
616669
599574
662266
642438
642879
673255
627814
0
659122
609563
633607
644387
637496
673233
608242
686994
649693
659849
681479
640269
625050
643122
653344
641568
664694
646255
597362
636498
657231
662265
619964
648630
652026
667155
664177
649083
631378
658597
645364
649286
611593
615570
648657
614018
632672
667432
666592
657991
643209
639966
607864
602269
631255
664718
668995
654323
644239
655167
592122
589286
666609
628362
624001
603636
657613
656123
638790
666866
632802
607806
693839
631362
620055
668091
621308
664666
678557
706208
648419
675693
652907
702863
654787
642690
633373
664922
613683
635582
637475
708948
662892
634365
666467
640268
604952
617316
625876
622536
630757
668130
675538
625176
628548
646987
620175
577279
611449
625519
617111
608297
615509
679634
639873
648692
650841
668063
601906
647753
684631
628479
650457
653055
672474
659607
671966
684458
672288
622449
635184
581743
611971
712121
